75		100		125		150		175		200		250
120		120		120		120		120		120		120
26.8629		27.4598		28.6395		29.6418		30.1671		29.7578		30.7854
-0.451674	-0.463668	-0.490987	-0.514957	-0.527837	-0.517915	-0.545695
0.00290397	0.002974	0.00320649	0.00341926	0.00353211	0.00342699	0.00370328
-1.06953e-5	-1.0753e-5	-1.1681e-5	-1.25785e-5	-1.30227e-5	-1.24137e-5	-1.37072e-5
2.21598e-8	2.17059e-8	2.36847e-8	2.5727e-8	2.66455e-8	2.48209e-8	2.80614e-8
-2.42941e-11	-2.30249e-11	-2.51809e-11	-2.75874e-11	-2.85432e-11	-2.58413e-11	-3.00184e-11
1.09926e-14	1.00123e-14	1.09536e-14	1.21091e-14	1.25009e-14	1.09383e-14	1.31142e-14
120		120		120		120		120		120		120
0.0687894	0.15073		0.0479451	0.0223448	-0.00326391	-0.0514749	-0.107255
-0.00284077	-0.00400889	-0.00239453	-0.0019798	-0.00159869	-0.000921059	-0.000174343
1.83922e-5	2.43937e-5	1.70335e-5	1.54101e-5	1.40443e-5	1.15147e-5	9.02759e-6
9.19605e-9	-9.92772e-9	-1.31626e-9	-2.3543e-9	-3.02287e-9	-1.22901e-9	-3.16512e-10
-4.16873e-11	-1.82239e-11	-1.74032e-11	-1.24994e-11	-9.2016e-12	-8.13104e-12	-6.14e-12
120		120		120		120		120		120		120
-1.04825	-0.93106	-0.820867	-0.744047	-0.722471	-0.687482	-0.739984
0.0166305	0.0141537	0.0119916	0.0104743	0.00980317	0.00916594	0.00952854
-9.24263e-5	-7.29862e-5	-5.79835e-5	-4.78544e-5	-4.25245e-5	-3.80932e-5	-3.62727e-5
2.72382e-7	2.00294e-7	1.50707e-7	1.18513e-7	9.95544e-8	8.51275e-8	7.3887e-8
-2.41355e-10	-1.62006e-10	-1.13026e-10	-8.31498e-11	-6.55175e-11	-5.29972e-11	-4.23907e-11
2.058		2.058		2.058		2.058		2.058		2.058		2.058
5.887e-3	5.887e-3	5.887e-3	5.887e-3	5.887e-3	5.887e-3	5.887e-3
-4.012e-6	-4.012e-6	-4.012e-6	-4.012e-6	-4.012e-6	-4.012e-6	-4.012e-6
0.5411		0.5515		0.5585		0.5585		0.5585		0.5585		0.5585
120		120		120		120		120		120		120
-0.351899	-0.047813	0.20981		0.265174	0.23047		0.170074	0.088141
0.00577056	0.00380813	0.00262881	0.00275836	0.00338331	0.00406131	0.00468253
9.95819e-7	4.22771e-6	4.24379e-6	2.08668e-6	-5.52305e-7	-2.82114e-6	-4.24609e-6
-7.25324e-9	-8.66826e-9	-6.67328e-9	-3.69543e-9	-8.23607e-10	1.38369e-9	2.53509e-9
2.9759e-12	3.06712e-12	2.13496e-12	1.11862e-12	2.21349e-13	-4.28E-13	-7.29031e-13
120		120		120		120		120		120		120
-0.731596	-0.752175	-0.570476	-0.949573	-0.967598	-1.02278	-0.757903
0.00597345	0.00565925	2.95802e-3	8.13121e-3	8.41991e-3	9.23633e-3	0.00606068
-5.82037e-6	1.8082e-6	1.68896e-5	-3.87813e-6	-3.585e-6	-6.10128e-6	7.85296e-6
6.84634e-8	3.33822e-8	-4.7475e-9	2.37694e-8	1.74801e-8	1.78211e-8	-9.74891e-9
-9.50483e-11	-5.13965e-11	-1.72711e-11	-2.77469e-11	-1.96221e-11	-1.70073e-11	1.58377e-12
-0.2067		-0.16971	-0.14671	-0.1315		-0.120916	-0.11363	-0.10444
9.7533e-2	7.9830e-2	6.8808e-2	6.1603e-2	5.6538e-2	5.3178e-2	4.8551e-2
-1.1817e-2	-9.4393e-3	-7.9836e-3	-7.0866e-3	-6.4324e-3	-6.0436e-3	-5.3567e-3
1.6145e-3	1.2622e-3	1.0535e-3	9.2813e-4	8.3723e-4	7.7982e-4	6.8809e-4
-0.2061		-0.169279	-0.146377	-0.13121	-0.12067	-0.113399	-0.104243
9.4449e-2	7.7599e-2	6.7052e-2	6.0105e-2	5.5232e-2	5.1994e-2	4.7573e-2
-8.7953e-3	-7.1375e-3	-6.0951e-3	-5.4388e-3	-4.9580e-3	-4.6876e-3	-4.1711e-3
8.8385e-4	6.9025e-4	5.7456e-4	5.0585e-4	4.5512e-4	4.2548e-4	3.7068e-4
120		120		120		120		120		120		120
-0.407768	-0.902739	-0.733037	-1.31444	-1.20026	-1.52158	-1.67664
0.00148506	0.00826803	0.00523396	0.0133124	0.0114087	0.015704	1.77194e-2
1.25357e-5	-1.25448e-5	6.35667e-6	-2.55585e-5	-1.47324e-5	-3.02859e-5	-3.69498e-5
3.77311e-8	6.12853e-8	1.09065e-8	5.43981e-8	2.7804e-8	4.57668e-8	5.09134e-8
-7.78953e-11	-7.07966e-11	-2.61427e-11	-4.33784e-11	-2.2632e-11	-2.82926e-11	-2.82878e-11